Dataset: 100 customers, capacity=700, total demand=1810
------------------------------------------------------------

[1] GREEDY NEAREST NEIGHBOR
------------------------------------------------------------
  Total distance : 775.49
  Vehicles used  : 3
  Runtime        : 0.000221 seconds

  Route 1: 38 stops, demand=700, distance=256.99
           customers: [92, 4, 74, 1, 0, 98, 99, 96, 94, 93, 91, 97, 6, 2, 3, 88, 90, 87, 85, 83, 82, 81, 76, 77, 80, 75, 70, 69, 72, 78, 79, 84, 86, 95, 73, 61, 65, 68]
  Route 2: 44 stops, demand=700, distance=289.42
           customers: [19, 21, 23, 26, 28, 29, 20, 7, 9, 10, 8, 24, 22, 25, 27, 35, 33, 32, 31, 30, 34, 36, 37, 38, 5, 51, 49, 50, 44, 41, 40, 42, 46, 47, 66, 62, 60, 63, 71, 64, 67, 45, 43, 39]
  Route 3: 18 stops, demand=410, distance=229.09
           customers: [89, 48, 54, 56, 58, 53, 52, 55, 57, 59, 12, 16, 17, 18, 14, 15, 13, 11]

[2] CLARKE-WRIGHT SAVINGS
------------------------------------------------------------
  Total distance : 619.86
  Vehicles used  : 3
  Runtime        : 0.008760 seconds

  Route 1: 30 stops, demand=500, distance=156.48
           customers: [47, 42, 40, 41, 46, 51, 49, 50, 44, 45, 43, 39, 56, 58, 59, 57, 55, 52, 53, 54, 48, 64, 63, 60, 71, 73, 61, 65, 68, 67]
  Route 2: 37 stops, demand=680, distance=252.93
           customers: [92, 4, 74, 1, 0, 98, 99, 96, 91, 93, 94, 97, 6, 2, 3, 88, 90, 89, 85, 87, 83, 81, 82, 76, 77, 84, 80, 75, 70, 69, 72, 78, 79, 95, 86, 62, 66]
  Route 3: 33 stops, demand=630, distance=210.46
           customers: [7, 9, 10, 24, 8, 11, 13, 15, 18, 14, 17, 16, 12, 22, 25, 27, 33, 35, 38, 37, 36, 34, 30, 32, 31, 5, 28, 29, 26, 23, 21, 20, 19]

[3] LOCAL SEARCH (2-OPT) improving Greedy solution
------------------------------------------------------------
  Total distance : 710.14
  Vehicles used  : 3
  Runtime        : 0.007084 seconds

  Route 1: 38 stops, demand=700, distance=239.01
           customers: [68, 65, 61, 73, 95, 86, 76, 77, 80, 75, 78, 79, 72, 69, 70, 84, 81, 82, 83, 85, 87, 90, 88, 3, 2, 6, 97, 94, 93, 91, 96, 99, 98, 0, 1, 74, 4, 92]
  Route 2: 44 stops, demand=700, distance=257.14
           customers: [19, 21, 23, 26, 28, 29, 20, 7, 9, 10, 8, 24, 22, 25, 27, 38, 37, 36, 34, 30, 31, 32, 35, 33, 5, 51, 49, 50, 44, 46, 42, 41, 40, 45, 43, 39, 64, 67, 63, 60, 71, 62, 66, 47]
  Route 3: 18 stops, demand=410, distance=213.99
           customers: [56, 58, 59, 57, 55, 52, 53, 54, 48, 89, 11, 13, 15, 14, 18, 17, 16, 12]

============================================================
SUMMARY COMPARISON
============================================================
Algorithm                       Distance  Vehicles  Time (s)
------------------------------------------------------------
Greedy Nearest Neighbor           775.49         3  0.000221
Clarke-Wright Savings             619.86         3  0.008760
Local Search (2-opt)              710.14         3  0.007084
------------------------------------------------------------

  Clarke-Wright vs Greedy : +20.07% distance
  Local Search vs Greedy : +8.43% distance

