Dataset: 100 customers, capacity=1000, total demand=1458
------------------------------------------------------------

[1] GREEDY NEAREST NEIGHBOR
------------------------------------------------------------
  Total distance : 802.73
  Vehicles used  : 2
  Runtime        : 0.000221 seconds

  Route 1: 67 stops, demand=998, distance=436.71
           customers: [52, 57, 39, 20, 72, 71, 73, 21, 74, 55, 38, 22, 66, 24, 54, 53, 79, 67, 76, 2, 78, 32, 80, 8, 50, 19, 29, 69, 30, 87, 6, 81, 47, 46, 35, 48, 18, 10, 61, 9, 89, 31, 62, 63, 45, 7, 44, 16, 83, 4, 59, 82, 17, 51, 88, 5, 93, 94, 96, 91, 58, 98, 95, 92, 84, 90, 97]
  Route 2: 33 stops, demand=460, distance=366.02
           customers: [26, 27, 25, 11, 75, 49, 0, 68, 12, 86, 1, 56, 14, 42, 41, 99, 36, 60, 15, 43, 13, 37, 85, 40, 3, 23, 28, 77, 33, 34, 70, 65, 64]

[2] CLARKE-WRIGHT SAVINGS
------------------------------------------------------------
  Total distance : 706.48
  Vehicles used  : 2
  Runtime        : 0.008387 seconds

  Route 1: 68 stops, demand=991, distance=514.47
           customers: [1, 56, 41, 86, 96, 91, 58, 92, 97, 36, 99, 90, 84, 60, 15, 85, 37, 43, 13, 42, 14, 40, 21, 74, 55, 22, 66, 38, 24, 54, 23, 28, 78, 32, 80, 8, 77, 33, 34, 64, 70, 65, 19, 31, 89, 62, 10, 63, 48, 35, 46, 45, 44, 16, 83, 4, 59, 82, 7, 81, 47, 18, 61, 9, 69, 29, 50, 49]
  Route 2: 32 stops, demand=467, distance=192.01
           customers: [26, 68, 0, 30, 87, 6, 17, 51, 88, 5, 95, 98, 94, 93, 12, 57, 39, 20, 72, 73, 71, 3, 53, 79, 67, 2, 76, 75, 11, 25, 27, 52]

[3] LOCAL SEARCH (2-OPT) improving Greedy solution
------------------------------------------------------------
  Total distance : 734.11
  Vehicles used  : 2
  Runtime        : 0.015780 seconds

  Route 1: 67 stops, demand=998, distance=417.41
           customers: [93, 94, 96, 91, 58, 97, 90, 84, 92, 98, 95, 5, 88, 51, 17, 82, 59, 4, 83, 16, 44, 7, 45, 35, 48, 18, 10, 63, 62, 89, 31, 9, 61, 46, 47, 81, 6, 87, 30, 69, 29, 19, 50, 8, 80, 32, 78, 2, 76, 67, 79, 53, 54, 24, 38, 66, 22, 55, 74, 21, 73, 71, 72, 20, 39, 57, 52]
  Route 2: 33 stops, demand=460, distance=316.70
           customers: [12, 86, 1, 56, 41, 99, 36, 60, 15, 85, 37, 43, 13, 42, 14, 40, 3, 23, 28, 77, 33, 34, 70, 64, 65, 68, 26, 0, 49, 75, 11, 25, 27]

============================================================
SUMMARY COMPARISON
============================================================
Algorithm                       Distance  Vehicles  Time (s)
------------------------------------------------------------
Greedy Nearest Neighbor           802.73         2  0.000221
Clarke-Wright Savings             706.48         2  0.008387
Local Search (2-opt)              734.11         2  0.015780
------------------------------------------------------------

  Clarke-Wright vs Greedy : +11.99% distance
  Local Search vs Greedy : +8.55% distance

